name: svanalyzer
channels:
  - bioconda
  - conda-forge
  - defaults
dependencies:
  - _libgcc_mutex=0.1=conda_forge
  - _openmp_mutex=4.5=2_gnu
  - bedtools=2.31.1=h13024bc_3
  - bzip2=1.0.8=hda65f42_8
  - c-ares=1.34.5=hb9d3cd8_0
  - ca-certificates=2025.8.3=hbd8a1cb_0
  - curl=8.14.1=h332b0f4_0
  - edlib=1.2.3=h2d50403_1
  - keyutils=1.6.3=hb9d3cd8_0
  - krb5=1.21.3=h659f571_0
  - libcurl=8.14.1=h332b0f4_0
  - libedit=3.1.20250104=pl5321h7949ede_0
  - libev=4.33=hd590300_2
  - libgcc=15.1.0=h767d61c_5
  - libgcc-ng=15.1.0=h69a702a_5
  - libgomp=15.1.0=h767d61c_5
  - liblzma=5.8.1=hb9d3cd8_2
  - liblzma-devel=5.8.1=hb9d3cd8_2
  - libnghttp2=1.67.0=had1ee68_0
  - libssh2=1.11.1=hcf80075_0
  - libstdcxx=15.1.0=h8f9b012_5
  - libstdcxx-ng=15.1.0=h4852527_5
  - libxcrypt=4.4.36=hd590300_1
  - libzlib=1.3.1=hb9d3cd8_2
  - mummer=3.23=pl5321h503566f_21
  - ncurses=6.5=h2d0b736_3
  - openssl=3.5.2=h26f9b46_0
  - parallel=20250822=ha770c72_0
  - perl=5.32.1=7_hd590300_perl5
  - perl-dbi=1.643=pl5321hec16e2b_1
  - perl-exporter=5.72=pl5321hdfd78af_2
  - perl-exporter-tiny=1.002002=pl5321hdfd78af_0
  - perl-file-path=2.18=pl5321hd8ed1ab_0
  - perl-list-moreutils=0.430=pl5321hdfd78af_0
  - perl-list-moreutils-xs=0.430=pl5321h7b50bb2_5
  - perl-log-log4perl=1.55=pl5321hdfd78af_0
  - samtools=1.6=h5fe306e_12
  - svanalyzer=0.36=pl5321hdfd78af_2
  - xz=5.8.1=hbcc6ac9_2
  - xz-gpl-tools=5.8.1=hbcc6ac9_2
  - xz-tools=5.8.1=hb9d3cd8_2
  - zlib=1.3.1=hb9d3cd8_2
  - zstd=1.5.7=hb8e6e7a_2
prefix: /home/gamze/anaconda3/envs/svanalyzer
